0 0 2 4 脂肪填充 自体脂肪填充能维持多久？ 20201110 0
1 1 2 4 脂肪填充 自体脂肪存活率是多久？ 20201110 1
2 2 2 4 脂肪填充 自体脂肪填充太阳穴需要几次？ 20201110 2
3 3 2 4 脂肪填充 自体脂肪填充法令纹有效果吗？ 20201110 3
4 4 2 4 脂肪填充 脂肪填充安全吗？ 20201110 4
5 5 15 2 眼部 双眼皮一定要开眼角才好看么？ 20201110 5
6 6 15 2 眼部 黑眼圈真的可以祛除吗？ 20201110 6
7 7 15 2 眼部 我的脸型适合什么样的双眼皮？ 20201110 7
8 8 15 2 眼部 什么情况可以选择激光去眼袋？ 20201110 8
9 9 15 2 眼部 什么是眼综合整形？眼综合都包含哪些项目？ 20201110 9
10 10 11 18 牙齿美容 矫正牙齿的周期是多久？ 20201110 10
11 11 11 18 牙齿美容 牙齿矫正最佳年龄段是多少？ 20201110 11
12 12 11 18 牙齿美容 牙齿矫正的费用是怎么样的呢？ 20201110 12
13 13 11 18 牙齿美容 牙贴片会不会不舒舒服有异物感？ 20201110 13
14 14 11 18 牙齿美容 牙齿应该多久洗一次？ 20201110 14
15 15 12 17 胸部 自体脂肪隆胸和假体隆胸相比，哪种比较自然？ 20201110 15
16 16 12 17 胸部 隆胸的方法主要有哪些？ 20201110 16
17 17 12 17 胸部 怎样隆胸既安全又有效？ 20201110 17
18 18 12 17 胸部 隆胸材料怎么选？ 20201110 18
19 19 12 17 胸部 想要改善胸部外扩吗？ 20201110 19
20 20 5 19 私密 做小阴唇手术，疼吗？ 20201110 20
21 21 5 19 私密 哪些项目算是私密整形项目？ 20201110 21
22 22 5 19 私密 私密处除了可以脱毛还可以做哪些 项目？ 20201110 22
23 23 5 19 私密 私密整形，恢复期多久啊？ 20201110 23
24 24 5 19 私密 缩阴手术安全吗啊？ 20201110 24
25 25 18 14 注射美肤 水光针要多久打一次？ 20201110 25
26 26 18 14 注射美肤 25+敏感肌该怎么保养？ 20201110 26
27 27 18 14 注射美肤 如何抗衰老？ 20201110 27
28 28 18 14 注射美肤 25岁 入门级医美项目都有啥 20201110 28
29 29 18 14 注射美肤 皮肤有些敏感可以做光子嫩肤吗？ 20201110 29
30 30 7 3 面部轮廓 想知道颧骨内推是个什么原理？ 20201110 30
31 31 7 3 面部轮廓 想打瘦脸针，要怎么选牌子呢？ 20201110 31
32 32 7 3 面部轮廓 面部吸脂疼吗？是全麻还是局麻？ 20201110 32
33 33 7 3 面部轮廓 怎么样才能改善下颚骨宽呢？ 20201110 33
34 34 7 3 面部轮廓 法令纹是玻尿酸还是埋线？ 20201110 34
35 35 14 5 吸脂瘦身 吸脂多少毫升才会有效果？ 20201110 35
36 36 14 5 吸脂瘦身 吸脂会留疤吗？ 20201110 36
37 37 14 5 吸脂瘦身 吸脂后多久可以恢复？ 20201110 37
38 38 14 5 吸脂瘦身 吸脂到底痛不痛？ 20201110 38
39 39 14 5 吸脂瘦身 吸脂会反弹吗？ 20201110 39
40 40 8 6 植发 种植发际线多久能达到最佳效果？ 20201110 40
41 41 8 6 植发 种植发际线大概要花费多少钱？哪种技术好？ 20201110 41
42 42 8 6 植发 发际线越来越高了，想改善一下？ 20201110 42
43 43 8 6 植发 植发安全吗？ 20201110 43
44 44 8 6 植发 种植发际线一次可以达到效果吗？ 20201110 44
45 45 4 7 唇部 嘴唇可以变薄吗？ 20201110 45
46 46 4 7 唇部 玻尿酸丰唇，有哪几种唇形？ 20201110 46
47 47 4 7 唇部 我适合微笑/M唇吗？ 20201110 47
48 48 4 7 唇部 怎么做能让唇形更漂亮，是做厚嘴唇改薄还是M唇？ 20201110 48
49 49 10 1 鼻部 鼻部综合整形是怎样的？ 20201110 49
50 50 10 1 鼻部 线雕隆鼻可以保持多久，和假体隆鼻相比，哪个更自然？ 20201110 50
51 51 10 1 鼻部 鼻翼缩小的内切和外切有什么区别？ 20201110 51
52 52 10 1 鼻部 假体垫鼻基底，必须要做鼻综合吗？ 20201110 52
53 53 10 1 鼻部 人中缩短的话是人中缩短术好还是鼻小柱延长好？ 20201110 53
54 54 17 11 半永久妆 半永久能维持多久？ 20201110 54
55 55 17 11 半永久妆 半永久文眉掉色吗？ 20201110 55
56 56 13 13 除皱瘦脸 多久见效？ 20201110 56
57 57 13 13 除皱瘦脸 一次需要打多少？ 20201110 57
58 58 13 13 除皱瘦脸 进口和国产如何选择？ 20201110 58
59 59 13 13 除皱瘦脸 多久打一次？可以维持多久？ 20201110 59
60 60 9 12 玻尿酸 玻尿酸品牌怎么选择？ 20201110 60
61 61 9 12 玻尿酸 玻尿酸可以填充哪些部位？ 20201110 61
62 62 9 12 玻尿酸 玻尿酸多久打一次？可以维持多久？ 20201110 62
63 63 9 12 玻尿酸 想打玻尿酸，一次需要打多少？ 20201110 63
64 64 9 12 玻尿酸 玻尿酸塑形的功效好吗？ 20201110 64
65 65 8 20 脱毛 脱毛是永久的吗？ 20201110 65
66 66 8 20 脱毛 冰点脱毛和激光脱毛哪个好？ 20201110 66
67 67 8 20 脱毛 脱毛哪种方式比较好？ 20201110 67
68 68 8 20 脱毛 脱毛需要多久一次？ 20201110 68
69 69 16 10 失败修复 失败修复有哪些办法？ 20201110 69
70 70 16 10 失败修复 失败修复有危害吗？ 20201110 70
71 71 16 10 失败修复 失败修复需要多久时间？ 20201110 71
72 72 6 16 抗衰老 抗衰老多久见效？ 20201110 72
73 73 6 16 抗衰老 热玛吉效果持续多久？ 20201110 73
74 74 6 16 抗衰老 线雕和热玛吉哪个好？ 20201110 74
75 75 18 15 医学美肤 医学美肤多久见效？ 20201110 75
76 76 18 15 医学美肤 医学美肤效果持续多久？ 20201110 76
77 77 18 15 医学美肤 医学美肤需要多少几个疗程？ 20201110 77
78 78 3 8 下巴 做完下巴多久见效？ 20201110 78
79 79 3 8 下巴 做完下巴效果持续多久？ 20201110 79
80 80 3 8 下巴 做下巴哪种方式最好？ 20201110 80
